ape: 0.10209801064841068
benchvise: 0.24750576331260932
cam: 0.17249230705022148
can: 0.20140447895516952
cat: 0.15454551491043517
driller: 0.2614721673683307
duck: 0.10899906918004473
eggbox: 0.16462819245190755
glue: 0.1758896631664113
holepuncher: 0.16180552949033752
iron: 0.2780784539488432
lamp: 0.2825318980776484
phone: 0.21235745203708334
